0 0.194189602446 0.394409937888 0.0581039755352 0.055900621118
0 0.105504587156 0.504658385093 0.0642201834862 0.0714285714286
0 0.0902140672783 0.664596273292 0.039755351682 0.111801242236
0 0.203363914373 0.801242236025 0.113149847095 0.0683229813665
0 0.351681957187 0.799689440994 0.0795107033639 0.0652173913043
0 0.498470948012 0.756211180124 0.122324159021 0.10248447205
0 0.637614678899 0.762422360248 0.0825688073394 0.0590062111801
0 0.795107033639 0.740683229814 0.0917431192661 0.0590062111801
0 0.876146788991 0.622670807453 0.039755351682 0.083850931677
0 0.854740061162 0.476708074534 0.0519877675841 0.10248447205
0 0.767584097859 0.363354037267 0.0611620795107 0.055900621118
