0 0.195718654434 0.389751552795 0.0917431192661 0.0527950310559
0 0.0840978593272 0.512422360248 0.045871559633 0.0807453416149
0 0.0795107033639 0.675465838509 0.0366972477064 0.0962732919255
0 0.195718654434 0.819875776398 0.110091743119 0.0807453416149
0 0.351681957187 0.821428571429 0.0611620795107 0.0527950310559
0 0.501529051988 0.756211180124 0.140672782875 0.0465838509317
0 0.662079510703 0.782608695652 0.0642201834862 0.0621118012422
0 0.810397553517 0.760869565217 0.0611620795107 0.055900621118
0 0.88379204893 0.619565217391 0.0183486238532 0.083850931677
0 0.871559633028 0.468944099379 0.0428134556575 0.0745341614907
0 0.77370030581 0.358695652174 0.0978593272171 0.0465838509317
