0 0.232415902141 0.369565217391 0.0611620795107 0.0310559006211
0 0.122324159021 0.451863354037 0.0611620795107 0.0652173913043
0 0.0672782874618 0.621118012422 0.0244648318043 0.0931677018634
0 0.140672782875 0.776397515528 0.0672782874618 0.0807453416149
0 0.290519877676 0.840062111801 0.085626911315 0.027950310559
0 0.74006116208 0.79347826087 0.085626911315 0.0341614906832
0 0.860856269113 0.709627329193 0.045871559633 0.0714285714286
0 0.888379204893 0.563664596273 0.0275229357798 0.108695652174
0 0.839449541284 0.414596273292 0.045871559633 0.0652173913043
0 0.706422018349 0.33850931677 0.0978593272171 0.0310559006211
0 0.495412844037 0.76397515528 0.140672782875 0.142857142857
