0 0.827217125382 0.402173913043 0.039755351682 0.0403726708075
0 0.885321100917 0.540372670807 0.0214067278287 0.0807453416149
0 0.860856269113 0.687888198758 0.039755351682 0.0652173913043
0 0.744648318043 0.782608695652 0.0825688073394 0.0310559006211
0 0.279816513761 0.840062111801 0.0642201834862 0.027950310559
0 0.12996941896 0.76397515528 0.0642201834862 0.0869565217391
0 0.0703363914373 0.599378881988 0.0366972477064 0.0931677018634
0 0.125382262997 0.451863354037 0.0489296636086 0.0527950310559
0 0.261467889908 0.371118012422 0.0948012232416 0.0217391304348
0 0.69877675841 0.336956521739 0.0764525993884 0.0341614906832
