0 0.683486238532 0.327639751553 0.0948012232416 0.0403726708075
0 0.830275229358 0.408385093168 0.0703363914373 0.0652173913043
0 0.880733944954 0.526397515528 0.0244648318043 0.083850931677
0 0.860856269113 0.683229813665 0.0886850152905 0.0931677018634
0 0.746177370031 0.798136645963 0.0733944954128 0.0621118012422
0 0.492354740061 0.759316770186 0.134556574924 0.083850931677
0 0.285932721713 0.85248447205 0.0764525993884 0.0341614906832
0 0.119266055046 0.759316770186 0.0489296636086 0.0776397515528
0 0.0810397553517 0.593167701863 0.0214067278287 0.0869565217391
0 0.122324159021 0.448757763975 0.0672782874618 0.0590062111801
0 0.22629969419 0.377329192547 0.0795107033639 0.0527950310559
