0 0.189602446483 0.39751552795 0.085626911315 0.055900621118
0 0.0902140672783 0.527950310559 0.0336391437309 0.0745341614907
0 0.0871559633028 0.69099378882 0.045871559633 0.10248447205
0 0.203363914373 0.804347826087 0.0825688073394 0.0372670807453
0 0.363914373089 0.784161490683 0.0550458715596 0.0403726708075
0 0.495412844037 0.759316770186 0.11620795107 0.0962732919255
0 0.62996941896 0.767080745342 0.0489296636086 0.0621118012422
0 0.798165137615 0.748447204969 0.0795107033639 0.0683229813665
0 0.877675840979 0.622670807453 0.0305810397554 0.0652173913043
0 0.853211009174 0.476708074534 0.0366972477064 0.0714285714286
0 0.778287461774 0.366459627329 0.0764525993884 0.0496894409938
