0 0.178899082569 0.405279503106 0.0519877675841 0.0465838509317
0 0.0978593272171 0.524844720497 0.0366972477064 0.0807453416149
0 0.0886850152905 0.681677018634 0.0428134556575 0.0900621118012
0 0.203363914373 0.801242236025 0.0825688073394 0.0496894409938
0 0.365443425076 0.788819875776 0.0703363914373 0.0496894409938
0 0.490825688073 0.76397515528 0.131498470948 0.0993788819876
0 0.626911314985 0.765527950311 0.0611620795107 0.0590062111801
0 0.792048929664 0.751552795031 0.0733944954128 0.055900621118
0 0.882262996942 0.635093167702 0.045871559633 0.083850931677
0 0.851681957187 0.476708074534 0.0519877675841 0.083850931677
0 0.767584097859 0.363354037267 0.0611620795107 0.0496894409938
