0 0.154434250765 0.423913043478 0.0764525993884 0.0527950310559
0 0.0749235474006 0.55900621118 0.039755351682 0.0745341614907
0 0.110091743119 0.722049689441 0.0733944954128 0.10248447205
0 0.230886850153 0.82298136646 0.0764525993884 0.055900621118
0 0.380733944954 0.773291925466 0.0519877675841 0.0496894409938
0 0.495412844037 0.757763975155 0.110091743119 0.0745341614907
0 0.611620795107 0.75 0.0550458715596 0.0527950310559
0 0.776758409786 0.767080745342 0.085626911315 0.0434782608696
0 0.868501529052 0.649068322981 0.0550458715596 0.0807453416149
0 0.876146788991 0.506211180124 0.0519877675841 0.0869565217391
0 0.804281345566 0.385093167702 0.0672782874618 0.055900621118
