0 0.14373088685 0.434782608696 0.0733944954128 0.0621118012422
0 0.0733944954128 0.576086956522 0.0428134556575 0.083850931677
0 0.114678899083 0.742236024845 0.0642201834862 0.0745341614907
0 0.256880733945 0.830745341615 0.085626911315 0.027950310559
0 0.408256880734 0.739130434783 0.0642201834862 0.0931677018634
0 0.584097859327 0.72049689441 0.0550458715596 0.0993788819876
0 0.498470948012 0.732919254658 0.0978593272171 0.0931677018634
0 0.75993883792 0.782608695652 0.0825688073394 0.0434782608696
0 0.863914373089 0.680124223602 0.0275229357798 0.0683229813665
0 0.882262996942 0.526397515528 0.0336391437309 0.083850931677
0 0.819571865443 0.399068322981 0.0611620795107 0.0403726708075
