0 0.788990825688 0.358695652174 0.0611620795107 0.0590062111801
0 0.873088685015 0.478260869565 0.0336391437309 0.0869565217391
0 0.876146788991 0.60248447205 0.0214067278287 0.0869565217391
0 0.782874617737 0.795031055901 0.103975535168 0.0807453416149
0 0.593272171254 0.765527950311 0.0917431192661 0.0714285714286
0 0.483180428135 0.759316770186 0.0672782874618 0.083850931677
0 0.396024464832 0.765527950311 0.0764525993884 0.121118012422
0 0.221712538226 0.847826086957 0.137614678899 0.0621118012422
0 0.103975535168 0.695652173913 0.0489296636086 0.0993788819876
0 0.0764525993884 0.555900621118 0.0489296636086 0.0745341614907
0 0.136085626911 0.419254658385 0.039755351682 0.055900621118
