0 0.22629969419 0.374223602484 0.0917431192661 0.0527950310559
0 0.107033639144 0.489130434783 0.0489296636086 0.083850931677
0 0.0779816513761 0.64751552795 0.0275229357798 0.121118012422
0 0.163608562691 0.799689440994 0.0825688073394 0.0776397515528
0 0.31498470948 0.836956521739 0.0917431192661 0.0465838509317
0 0.496941896024 0.773291925466 0.113149847095 0.0993788819876
0 0.721712538226 0.795031055901 0.0795107033639 0.0310559006211
0 0.845565749235 0.723602484472 0.0581039755352 0.0621118012422
0 0.886850152905 0.57298136646 0.0305810397554 0.083850931677
0 0.854740061162 0.428571428571 0.045871559633 0.055900621118
0 0.732415902141 0.344720496894 0.0886850152905 0.0372670807453
