0 0.151376146789 0.416149068323 0.0825688073394 0.0434782608696
0 0.085626911315 0.546583850932 0.0489296636086 0.0993788819876
0 0.0993883792049 0.726708074534 0.045871559633 0.105590062112
0 0.232415902141 0.846273291925 0.0978593272171 0.0465838509317
0 0.403669724771 0.757763975155 0.0733944954128 0.0931677018634
0 0.587155963303 0.745341614907 0.0428134556575 0.0869565217391
0 0.781345565749 0.787267080745 0.0703363914373 0.0465838509317
0 0.877675840979 0.653726708075 0.0305810397554 0.0900621118012
0 0.879204892966 0.495341614907 0.045871559633 0.0714285714286
0 0.808868501529 0.378881987578 0.0642201834862 0.055900621118
