0 0.146788990826 0.425465838509 0.0733944954128 0.0496894409938
0 0.0733944954128 0.566770186335 0.0489296636086 0.0714285714286
0 0.105504587156 0.725155279503 0.0519877675841 0.083850931677
0 0.24006116208 0.827639751553 0.0764525993884 0.027950310559
0 0.392966360856 0.762422360248 0.0642201834862 0.0652173913043
0 0.495412844037 0.751552795031 0.103975535168 0.0807453416149
0 0.599388379205 0.739130434783 0.0550458715596 0.0869565217391
0 0.775229357798 0.760869565217 0.0764525993884 0.0496894409938
0 0.87003058104 0.670807453416 0.045871559633 0.0807453416149
0 0.876146788991 0.515527950311 0.045871559633 0.0807453416149
0 0.805810397554 0.399068322981 0.0642201834862 0.0776397515528
0 0.68501529052 0.335403726708 0.0917431192661 0.0248447204969
