0 0.778287461774 0.355590062112 0.0519877675841 0.0465838509317
0 0.866972477064 0.465838509317 0.039755351682 0.0683229813665
0 0.889908256881 0.605590062112 0.0305810397554 0.0931677018634
0 0.805810397554 0.76397515528 0.0886850152905 0.0869565217391
0 0.610091743119 0.76397515528 0.125382262997 0.0931677018634
0 0.487767584098 0.767080745342 0.0825688073394 0.0807453416149
0 0.405198776758 0.77950310559 0.0764525993884 0.111801242236
0 0.220183486239 0.83850931677 0.122324159021 0.0683229813665
0 0.0993883792049 0.686335403727 0.045871559633 0.105590062112
0 0.0917431192661 0.546583850932 0.0611620795107 0.0869565217391
0 0.149847094801 0.414596273292 0.0611620795107 0.0341614906832
0 0.455657492355 0.347826086957 0.0550458715596 0.0372670807453
