0 0.233944954128 0.371118012422 0.0764525993884 0.0465838509317
0 0.125382262997 0.462732919255 0.0672782874618 0.0621118012422
0 0.0749235474006 0.628881987578 0.0275229357798 0.0962732919255
0 0.160550458716 0.788819875776 0.107033639144 0.0931677018634
0 0.295107033639 0.835403726708 0.0825688073394 0.0372670807453
0 0.727828746177 0.791925465839 0.0733944954128 0.0248447204969
0 0.853211009174 0.714285714286 0.0489296636086 0.0683229813665
0 0.888379204893 0.565217391304 0.0214067278287 0.0745341614907
0 0.836391437309 0.422360248447 0.0519877675841 0.055900621118
0 0.720183486239 0.33850931677 0.100917431193 0.0310559006211
