0 0.737003058104 0.341614906832 0.110091743119 0.0621118012422
0 0.848623853211 0.431677018634 0.0764525993884 0.0745341614907
0 0.892966360856 0.554347826087 0.0244648318043 0.083850931677
0 0.833333333333 0.723602484472 0.107033639144 0.11801242236
0 0.683486238532 0.804347826087 0.100917431193 0.0496894409938
0 0.492354740061 0.77950310559 0.177370030581 0.11801242236
0 0.336391437309 0.832298136646 0.0672782874618 0.0683229813665
0 0.148318042813 0.795031055901 0.0764525993884 0.0869565217391
0 0.085626911315 0.635093167702 0.0550458715596 0.10248447205
0 0.10244648318 0.489130434783 0.0581039755352 0.083850931677
0 0.203363914373 0.389751552795 0.0703363914373 0.0652173913043
