0 0.758409785933 0.350931677019 0.0733944954128 0.055900621118
0 0.859327217125 0.453416149068 0.0489296636086 0.0621118012422
0 0.886850152905 0.590062111801 0.0183486238532 0.0993788819876
0 0.81498470948 0.759316770186 0.0825688073394 0.0776397515528
0 0.61620795107 0.759316770186 0.131498470948 0.108695652174
0 0.492354740061 0.773291925466 0.085626911315 0.0993788819876
0 0.389908256881 0.799689440994 0.100917431193 0.114906832298
0 0.192660550459 0.824534161491 0.085626911315 0.083850931677
0 0.0886850152905 0.672360248447 0.0305810397554 0.121118012422
0 0.0795107033639 0.531055900621 0.0428134556575 0.0869565217391
0 0.163608562691 0.403726708075 0.0703363914373 0.0434782608696
