0 0.769113149847 0.354037267081 0.0703363914373 0.0496894409938
0 0.866972477064 0.464285714286 0.0581039755352 0.0776397515528
0 0.882262996942 0.599378881988 0.0275229357798 0.0869565217391
0 0.798165137615 0.760869565217 0.0917431192661 0.0807453416149
0 0.61620795107 0.781055900621 0.0764525993884 0.0714285714286
0 0.498470948012 0.77950310559 0.0978593272171 0.0931677018634
0 0.399082568807 0.773291925466 0.0642201834862 0.0993788819876
0 0.209480122324 0.83850931677 0.107033639144 0.0683229813665
0 0.0948012232416 0.680124223602 0.0489296636086 0.105590062112
0 0.0871559633028 0.54347826087 0.045871559633 0.0683229813665
0 0.152905198777 0.41149068323 0.0672782874618 0.0465838509317
