0 0.677370030581 0.326086956522 0.0886850152905 0.0434782608696
0 0.808868501529 0.375776397516 0.0581039755352 0.0683229813665
0 0.882262996942 0.507763975155 0.045871559633 0.0962732919255
0 0.873088685015 0.652173913043 0.045871559633 0.111801242236
0 0.755351681957 0.79347826087 0.110091743119 0.0652173913043
0 0.483180428135 0.765527950311 0.122324159021 0.083850931677
0 0.229357798165 0.850931677019 0.103975535168 0.0621118012422
0 0.0932721712538 0.701863354037 0.039755351682 0.0931677018634
0 0.0779816513761 0.551242236025 0.039755351682 0.0776397515528
0 0.131498470948 0.433229813665 0.0550458715596 0.0465838509317
