0 0.174311926606 0.402173913043 0.0550458715596 0.0465838509317
0 0.085626911315 0.532608695652 0.0489296636086 0.083850931677
0 0.085626911315 0.700310559006 0.0489296636086 0.0776397515528
0 0.230886850153 0.843167701863 0.100917431193 0.0527950310559
0 0.382262996942 0.77950310559 0.085626911315 0.0931677018634
0 0.501529051988 0.810559006211 0.0244648318043 0.055900621118
0 0.610091743119 0.757763975155 0.0825688073394 0.0807453416149
0 0.80122324159 0.773291925466 0.085626911315 0.0683229813665
0 0.874617737003 0.645962732919 0.0550458715596 0.105590062112
0 0.877675840979 0.493788819876 0.0733944954128 0.0993788819876
0 0.790519877676 0.374223602484 0.0948012232416 0.0776397515528
