0 0.163608562691 0.414596273292 0.0764525993884 0.0527950310559
0 0.085626911315 0.545031055901 0.0428134556575 0.0776397515528
0 0.100917431193 0.711180124224 0.0366972477064 0.0745341614907
0 0.217125382263 0.813664596273 0.0733944954128 0.0372670807453
0 0.376146788991 0.77950310559 0.0489296636086 0.0434782608696
0 0.493883792049 0.768633540373 0.100917431193 0.0900621118012
0 0.61620795107 0.759316770186 0.039755351682 0.0403726708075
0 0.798165137615 0.751552795031 0.0795107033639 0.055900621118
0 0.877675840979 0.641304347826 0.0428134556575 0.0652173913043
0 0.868501529052 0.492236024845 0.0366972477064 0.0776397515528
0 0.785932721713 0.374223602484 0.0550458715596 0.0465838509317
