0 0.703363914373 0.330745341615 0.0917431192661 0.0527950310559
0 0.827217125382 0.402173913043 0.0825688073394 0.0776397515528
0 0.885321100917 0.51397515528 0.039755351682 0.0900621118012
0 0.863914373089 0.667701863354 0.0336391437309 0.0993788819876
0 0.711009174312 0.813664596273 0.100917431193 0.0496894409938
0 0.492354740061 0.796583850932 0.146788990826 0.114906832298
0 0.266055045872 0.858695652174 0.0978593272171 0.027950310559
0 0.111620795107 0.734472049689 0.039755351682 0.0900621118012
0 0.0779816513761 0.583850931677 0.039755351682 0.0745341614907
0 0.122324159021 0.464285714286 0.0611620795107 0.0714285714286
0 0.232415902141 0.361801242236 0.103975535168 0.0341614906832
