0 0.174311926606 0.408385093168 0.0733944954128 0.0527950310559
0 0.0825688073394 0.540372670807 0.0366972477064 0.0621118012422
0 0.0948012232416 0.704968944099 0.0489296636086 0.0931677018634
0 0.2125382263 0.80900621118 0.0703363914373 0.0403726708075
0 0.363914373089 0.784161490683 0.0489296636086 0.0403726708075
0 0.498470948012 0.768633540373 0.122324159021 0.0962732919255
0 0.631498470948 0.76397515528 0.045871559633 0.0496894409938
0 0.793577981651 0.753105590062 0.0581039755352 0.0590062111801
0 0.877675840979 0.635093167702 0.0305810397554 0.0900621118012
0 0.859327217125 0.481366459627 0.0305810397554 0.0621118012422
0 0.776758409786 0.366459627329 0.0489296636086 0.0372670807453
