0 0.188073394495 0.399068322981 0.0642201834862 0.0590062111801
0 0.0948012232416 0.524844720497 0.0428134556575 0.0683229813665
0 0.0902140672783 0.683229813665 0.045871559633 0.0931677018634
0 0.200305810398 0.805900621118 0.0825688073394 0.0590062111801
0 0.354740061162 0.795031055901 0.0611620795107 0.0496894409938
0 0.498470948012 0.770186335404 0.134556574924 0.0993788819876
0 0.634556574924 0.760869565217 0.0703363914373 0.0496894409938
0 0.805810397554 0.737577639752 0.0642201834862 0.0652173913043
0 0.882262996942 0.613354037267 0.039755351682 0.083850931677
0 0.862385321101 0.47049689441 0.0428134556575 0.0714285714286
0 0.766055045872 0.363354037267 0.0642201834862 0.0496894409938
