0 0.152905198777 0.422360248447 0.0611620795107 0.0496894409938
0 0.0718654434251 0.560559006211 0.0336391437309 0.0962732919255
0 0.105504587156 0.728260869565 0.045871559633 0.0900621118012
0 0.266055045872 0.847826086957 0.103975535168 0.055900621118
0 0.504587155963 0.788819875776 0.0428134556575 0.055900621118
0 0.409785932722 0.748447204969 0.0489296636086 0.0807453416149
0 0.585626911315 0.737577639752 0.0825688073394 0.0714285714286
0 0.762996941896 0.790372670807 0.0764525993884 0.0403726708075
0 0.874617737003 0.666149068323 0.0489296636086 0.083850931677
0 0.880733944954 0.510869565217 0.0244648318043 0.0900621118012
0 0.805810397554 0.385093167702 0.0581039755352 0.0621118012422
