0 0.203363914373 0.388198757764 0.0886850152905 0.055900621118
0 0.0917431192661 0.504658385093 0.0489296636086 0.083850931677
0 0.085626911315 0.663043478261 0.0489296636086 0.0900621118012
0 0.18501529052 0.816770186335 0.107033639144 0.0745341614907
0 0.334862385321 0.824534161491 0.0764525993884 0.0590062111801
0 0.495412844037 0.759316770186 0.140672782875 0.0652173913043
0 0.669724770642 0.798136645963 0.0733944954128 0.055900621118
0 0.81498470948 0.762422360248 0.0764525993884 0.0590062111801
0 0.885321100917 0.61801242236 0.0275229357798 0.0807453416149
0 0.866972477064 0.467391304348 0.0581039755352 0.0776397515528
0 0.778287461774 0.363354037267 0.0948012232416 0.0434782608696
