0 0.188073394495 0.394409937888 0.0886850152905 0.0434782608696
0 0.0886850152905 0.524844720497 0.0366972477064 0.0745341614907
0 0.0840978593272 0.680124223602 0.0214067278287 0.0993788819876
0 0.207951070336 0.836956521739 0.0978593272171 0.0590062111801
0 0.37003058104 0.79347826087 0.0733944954128 0.0714285714286
0 0.628440366972 0.770186335404 0.0703363914373 0.0683229813665
0 0.795107033639 0.774844720497 0.103975535168 0.0900621118012
0 0.879204892966 0.636645962733 0.0336391437309 0.0869565217391
0 0.873088685015 0.473602484472 0.045871559633 0.0714285714286
0 0.788990825688 0.36801242236 0.0672782874618 0.0527950310559
0 0.504587155963 0.807453416149 0.0366972477064 0.0372670807453
