0 0.686544342508 0.326086956522 0.0886850152905 0.0372670807453
0 0.830275229358 0.395962732919 0.0519877675841 0.0465838509317
0 0.879204892966 0.507763975155 0.0336391437309 0.0900621118012
0 0.866972477064 0.666149068323 0.0336391437309 0.108695652174
0 0.729357798165 0.805900621118 0.0886850152905 0.0465838509317
0 0.48623853211 0.788819875776 0.128440366972 0.0931677018634
0 0.247706422018 0.85248447205 0.103975535168 0.0590062111801
0 0.0978593272171 0.726708074534 0.0428134556575 0.105590062112
0 0.0733944954128 0.566770186335 0.0489296636086 0.083850931677
0 0.134556574924 0.447204968944 0.0550458715596 0.0745341614907
0 0.255351681957 0.355590062112 0.0642201834862 0.0341614906832
