0 0.711009174312 0.330745341615 0.0825688073394 0.0465838509317
0 0.84250764526 0.431677018634 0.045871559633 0.0683229813665
0 0.880733944954 0.554347826087 0.0305810397554 0.10248447205
0 0.851681957187 0.722049689441 0.0581039755352 0.0962732919255
0 0.697247706422 0.807453416149 0.0917431192661 0.0372670807453
0 0.496941896024 0.788819875776 0.155963302752 0.0993788819876
0 0.308868501529 0.844720496894 0.110091743119 0.0496894409938
0 0.12996941896 0.771739130435 0.045871559633 0.0900621118012
0 0.0749235474006 0.622670807453 0.0275229357798 0.0714285714286
0 0.103975535168 0.475155279503 0.0489296636086 0.0683229813665
0 0.214067278287 0.372670807453 0.0672782874618 0.0434782608696
