0 0.14373088685 0.433229813665 0.0611620795107 0.0590062111801
0 0.0749235474006 0.585403726708 0.0336391437309 0.0962732919255
0 0.11620795107 0.75 0.0611620795107 0.083850931677
0 0.25993883792 0.836956521739 0.0917431192661 0.0403726708075
0 0.492354740061 0.731366459627 0.232415902141 0.108695652174
0 0.758409785933 0.77950310559 0.0672782874618 0.0434782608696
0 0.865443425076 0.684782608696 0.0428134556575 0.083850931677
0 0.891437308869 0.538819875776 0.045871559633 0.0652173913043
0 0.818042813456 0.400621118012 0.039755351682 0.055900621118
0 0.694189602446 0.333850931677 0.0672782874618 0.027950310559
