0 0.154434250765 0.428571428571 0.0703363914373 0.0496894409938
0 0.0749235474006 0.563664596273 0.039755351682 0.0714285714286
0 0.117737003058 0.723602484472 0.0764525993884 0.105590062112
0 0.243119266055 0.826086956522 0.0886850152905 0.0248447204969
0 0.400611620795 0.757763975155 0.0489296636086 0.0683229813665
0 0.496941896024 0.743788819876 0.107033639144 0.0900621118012
0 0.599388379205 0.739130434783 0.0366972477064 0.0621118012422
0 0.766055045872 0.776397515528 0.0825688073394 0.0372670807453
0 0.874617737003 0.667701863354 0.0366972477064 0.0807453416149
0 0.879204892966 0.520186335404 0.039755351682 0.0776397515528
0 0.811926605505 0.392857142857 0.0581039755352 0.0590062111801
0 0.686544342508 0.335403726708 0.0519877675841 0.0310559006211
