0 0.201834862385 0.391304347826 0.0917431192661 0.055900621118
0 0.0978593272171 0.490683229814 0.0489296636086 0.0807453416149
0 0.0810397553517 0.658385093168 0.045871559633 0.111801242236
0 0.183486238532 0.813664596273 0.134556574924 0.0807453416149
0 0.336391437309 0.830745341615 0.103975535168 0.0527950310559
0 0.498470948012 0.76397515528 0.128440366972 0.0621118012422
0 0.67125382263 0.788819875776 0.113149847095 0.0496894409938
0 0.825688073394 0.746894409938 0.0672782874618 0.0590062111801
0 0.891437308869 0.599378881988 0.0214067278287 0.0993788819876
0 0.866972477064 0.461180124224 0.045871559633 0.0652173913043
0 0.755351681957 0.35248447205 0.0795107033639 0.0341614906832
