0 0.174311926606 0.414596273292 0.085626911315 0.0590062111801
0 0.0795107033639 0.546583850932 0.0489296636086 0.0745341614907
0 0.111620795107 0.72049689441 0.0519877675841 0.0993788819876
0 0.218654434251 0.816770186335 0.0764525993884 0.0434782608696
0 0.376146788991 0.781055900621 0.0795107033639 0.0776397515528
0 0.493883792049 0.76397515528 0.107033639144 0.0931677018634
0 0.617737003058 0.756211180124 0.0550458715596 0.0403726708075
0 0.7874617737 0.759316770186 0.0642201834862 0.0403726708075
0 0.873088685015 0.64751552795 0.039755351682 0.0714285714286
0 0.868501529052 0.495341614907 0.0550458715596 0.083850931677
0 0.792048929664 0.374223602484 0.0611620795107 0.0590062111801
