0 0.218654434251 0.374223602484 0.0825688073394 0.0527950310559
0 0.103975535168 0.476708074534 0.0550458715596 0.0590062111801
0 0.0749235474006 0.645962732919 0.0214067278287 0.0993788819876
0 0.163608562691 0.798136645963 0.0948012232416 0.0745341614907
0 0.305810397554 0.841614906832 0.0550458715596 0.0434782608696
0 0.493883792049 0.765527950311 0.131498470948 0.114906832298
0 0.723241590214 0.798136645963 0.0764525993884 0.0372670807453
0 0.844036697248 0.722049689441 0.0550458715596 0.0714285714286
0 0.889908256881 0.568322981366 0.0244648318043 0.0807453416149
0 0.848623853211 0.428571428571 0.0336391437309 0.0683229813665
0 0.724770642202 0.340062111801 0.0978593272171 0.0341614906832
