0 0.214067278287 0.388198757764 0.0489296636086 0.0372670807453
0 0.108562691131 0.484472049689 0.0519877675841 0.0807453416149
0 0.0810397553517 0.642857142857 0.045871559633 0.0869565217391
0 0.180428134557 0.773291925466 0.103975535168 0.0869565217391
0 0.327217125382 0.798136645963 0.0672782874618 0.0496894409938
0 0.504587155963 0.734472049689 0.207951070336 0.0776397515528
0 0.677370030581 0.77950310559 0.0764525993884 0.0496894409938
0 0.818042813456 0.723602484472 0.0703363914373 0.0434782608696
0 0.87003058104 0.594720496894 0.0519877675841 0.0714285714286
0 0.850152905199 0.464285714286 0.0428134556575 0.0590062111801
0 0.74006116208 0.354037267081 0.0611620795107 0.0434782608696
