0 0.704892966361 0.333850931677 0.0886850152905 0.0465838509317
0 0.834862385321 0.402173913043 0.0611620795107 0.0527950310559
0 0.885321100917 0.52950310559 0.039755351682 0.10248447205
0 0.868501529052 0.678571428571 0.0428134556575 0.108695652174
0 0.69877675841 0.819875776398 0.14373088685 0.0372670807453
0 0.498470948012 0.799689440994 0.177370030581 0.10248447205
0 0.292048929664 0.85248447205 0.0886850152905 0.0403726708075
0 0.111620795107 0.737577639752 0.0581039755352 0.108695652174
0 0.0749235474006 0.583850931677 0.0519877675841 0.0807453416149
0 0.111620795107 0.468944099379 0.0703363914373 0.0683229813665
0 0.229357798165 0.361801242236 0.0978593272171 0.0527950310559
