0 0.122324159021 0.472049689441 0.0489296636086 0.055900621118
0 0.0886850152905 0.616459627329 0.0366972477064 0.0776397515528
0 0.160550458716 0.756211180124 0.0764525993884 0.0590062111801
0 0.307339449541 0.804347826087 0.0642201834862 0.0496894409938
0 0.388379204893 0.753105590062 0.0428134556575 0.0465838509317
0 0.498470948012 0.756211180124 0.11620795107 0.114906832298
0 0.594801223242 0.729813664596 0.0275229357798 0.0496894409938
0 0.694189602446 0.770186335404 0.0795107033639 0.0310559006211
0 0.836391437309 0.697204968944 0.0519877675841 0.0714285714286
0 0.876146788991 0.563664596273 0.039755351682 0.083850931677
0 0.819571865443 0.428571428571 0.0305810397554 0.055900621118
0 0.735474006116 0.354037267081 0.0275229357798 0.0186335403727
