0 0.761467889908 0.350931677019 0.085626911315 0.0683229813665
0 0.857798165138 0.458074534161 0.0581039755352 0.083850931677
0 0.888379204893 0.58850931677 0.0275229357798 0.0900621118012
0 0.804281345566 0.753105590062 0.110091743119 0.121118012422
0 0.603975535168 0.757763975155 0.137614678899 0.11801242236
0 0.489296636086 0.790372670807 0.0489296636086 0.0590062111801
0 0.391437308869 0.77950310559 0.0733944954128 0.130434782609
0 0.191131498471 0.826086956522 0.119266055046 0.0683229813665
0 0.0825688073394 0.66149068323 0.0672782874618 0.111801242236
0 0.0840978593272 0.520186335404 0.039755351682 0.083850931677
0 0.17125382263 0.395962732919 0.0917431192661 0.0465838509317
0 0.448012232416 0.350931677019 0.045871559633 0.0248447204969
