0 0.172782874618 0.406832298137 0.0642201834862 0.0496894409938
0 0.0886850152905 0.540372670807 0.0305810397554 0.0745341614907
0 0.0948012232416 0.70652173913 0.0428134556575 0.0900621118012
0 0.217125382263 0.80900621118 0.0733944954128 0.0465838509317
0 0.366972477064 0.784161490683 0.0550458715596 0.0465838509317
0 0.503058103976 0.767080745342 0.113149847095 0.0869565217391
0 0.626911314985 0.76397515528 0.0489296636086 0.0496894409938
0 0.796636085627 0.746894409938 0.0642201834862 0.0590062111801
0 0.880733944954 0.633540372671 0.0428134556575 0.0683229813665
0 0.860856269113 0.484472049689 0.039755351682 0.055900621118
0 0.775229357798 0.366459627329 0.0581039755352 0.0434782608696
