0 0.188073394495 0.395962732919 0.0886850152905 0.0465838509317
0 0.0917431192661 0.507763975155 0.0366972477064 0.0652173913043
0 0.0825688073394 0.678571428571 0.0366972477064 0.0900621118012
0 0.197247706422 0.819875776398 0.0948012232416 0.0621118012422
0 0.353211009174 0.812111801242 0.0703363914373 0.0590062111801
0 0.655963302752 0.784161490683 0.0825688073394 0.0527950310559
0 0.804281345566 0.765527950311 0.0795107033639 0.0590062111801
0 0.876146788991 0.621118012422 0.0519877675841 0.0931677018634
0 0.873088685015 0.481366459627 0.039755351682 0.0869565217391
0 0.784403669725 0.366459627329 0.0642201834862 0.0434782608696
0 0.504587155963 0.75 0.165137614679 0.0776397515528
