0 0.160550458716 0.405279503106 0.0703363914373 0.0527950310559
0 0.0779816513761 0.535714285714 0.0519877675841 0.0652173913043
0 0.0948012232416 0.718944099379 0.0672782874618 0.0900621118012
0 0.229357798165 0.847826086957 0.0978593272171 0.0496894409938
0 0.403669724771 0.76397515528 0.0611620795107 0.105590062112
0 0.597859327217 0.75 0.0825688073394 0.108695652174
0 0.782874617737 0.782608695652 0.0795107033639 0.0434782608696
0 0.871559633028 0.653726708075 0.0489296636086 0.0714285714286
0 0.88379204893 0.495341614907 0.0428134556575 0.083850931677
0 0.808868501529 0.369565217391 0.0764525993884 0.0496894409938
