0 0.492354740061 0.785714285714 0.140672782875 0.0745341614907
0 0.737003058104 0.812111801242 0.128440366972 0.0403726708075
0 0.873088685015 0.656832298137 0.039755351682 0.083850931677
0 0.880733944954 0.51397515528 0.0550458715596 0.0900621118012
0 0.827217125382 0.403726708075 0.0519877675841 0.055900621118
0 0.700305810398 0.329192546584 0.110091743119 0.0186335403727
0 0.134556574924 0.434782608696 0.0489296636086 0.0621118012422
0 0.0810397553517 0.568322981366 0.039755351682 0.0869565217391
0 0.0902140672783 0.701863354037 0.045871559633 0.105590062112
0 0.247706422018 0.849378881988 0.11620795107 0.0590062111801
