0 0.218654434251 0.380434782609 0.0764525993884 0.0652173913043
0 0.105504587156 0.484472049689 0.045871559633 0.0683229813665
0 0.0733944954128 0.642857142857 0.0428134556575 0.0931677018634
0 0.172782874618 0.815217391304 0.107033639144 0.0776397515528
0 0.319571865443 0.833850931677 0.0642201834862 0.0465838509317
0 0.496941896024 0.765527950311 0.149847094801 0.083850931677
0 0.707951070336 0.798136645963 0.100917431193 0.0248447204969
0 0.834862385321 0.739130434783 0.0550458715596 0.055900621118
0 0.892966360856 0.583850931677 0.0244648318043 0.0869565217391
0 0.860856269113 0.445652173913 0.045871559633 0.0590062111801
0 0.750764525994 0.350931677019 0.100917431193 0.0496894409938
