0 0.214067278287 0.383540372671 0.0489296636086 0.0341614906832
0 0.119266055046 0.467391304348 0.0550458715596 0.0776397515528
0 0.0840978593272 0.63198757764 0.039755351682 0.0900621118012
0 0.165137614679 0.76397515528 0.0672782874618 0.0807453416149
0 0.308868501529 0.799689440994 0.0672782874618 0.0465838509317
0 0.389908256881 0.754658385093 0.045871559633 0.055900621118
0 0.501529051988 0.743788819876 0.152905198777 0.083850931677
0 0.68501529052 0.771739130435 0.0672782874618 0.0527950310559
0 0.827217125382 0.715838509317 0.039755351682 0.0652173913043
0 0.88379204893 0.580745341615 0.0428134556575 0.0993788819876
0 0.84250764526 0.445652173913 0.039755351682 0.0714285714286
0 0.727828746177 0.349378881988 0.0550458715596 0.027950310559
