0 0.779816513761 0.357142857143 0.0672782874618 0.0621118012422
0 0.87003058104 0.47049689441 0.0642201834862 0.083850931677
0 0.879204892966 0.613354037267 0.039755351682 0.0962732919255
0 0.799694189602 0.768633540373 0.0886850152905 0.0900621118012
0 0.603975535168 0.748447204969 0.125382262997 0.0931677018634
0 0.48623853211 0.765527950311 0.0917431192661 0.114906832298
0 0.405198776758 0.762422360248 0.045871559633 0.114906832298
0 0.214067278287 0.83850931677 0.140672782875 0.0621118012422
0 0.100917431193 0.698757763975 0.0489296636086 0.11801242236
0 0.0810397553517 0.551242236025 0.0703363914373 0.0962732919255
0 0.15749235474 0.431677018634 0.0764525993884 0.0683229813665
0 0.451070336391 0.346273291925 0.0519877675841 0.027950310559
