0 0.737003058104 0.335403726708 0.0795107033639 0.0496894409938
0 0.848623853211 0.430124223602 0.045871559633 0.0714285714286
0 0.88379204893 0.57298136646 0.0428134556575 0.108695652174
0 0.839449541284 0.734472049689 0.0886850152905 0.0962732919255
0 0.678899082569 0.802795031056 0.0795107033639 0.0403726708075
0 0.495412844037 0.788819875776 0.195718654434 0.0993788819876
0 0.337920489297 0.840062111801 0.0764525993884 0.0590062111801
0 0.145259938838 0.796583850932 0.0764525993884 0.0776397515528
0 0.0779816513761 0.633540372671 0.0581039755352 0.105590062112
0 0.0917431192661 0.490683229814 0.0366972477064 0.0683229813665
0 0.207951070336 0.38198757764 0.0795107033639 0.0434782608696
