0 0.209480122324 0.394409937888 0.0519877675841 0.0310559006211
0 0.111620795107 0.484472049689 0.039755351682 0.0683229813665
0 0.085626911315 0.636645962733 0.0305810397554 0.0807453416149
0 0.172782874618 0.774844720497 0.0703363914373 0.0652173913043
0 0.327217125382 0.804347826087 0.0611620795107 0.0496894409938
0 0.498470948012 0.729813664596 0.146788990826 0.0931677018634
0 0.669724770642 0.777950310559 0.0611620795107 0.0465838509317
0 0.816513761468 0.723602484472 0.0672782874618 0.0683229813665
0 0.885321100917 0.597826086957 0.039755351682 0.0900621118012
0 0.851681957187 0.458074534161 0.0581039755352 0.0714285714286
0 0.730886850153 0.344720496894 0.0611620795107 0.0496894409938
