0 0.178899082569 0.399068322981 0.0825688073394 0.027950310559
0 0.0871559633028 0.527950310559 0.039755351682 0.0807453416149
0 0.085626911315 0.698757763975 0.0366972477064 0.0807453416149
0 0.215596330275 0.83850931677 0.113149847095 0.0621118012422
0 0.385321100917 0.795031055901 0.0611620795107 0.0745341614907
0 0.613149847095 0.748447204969 0.107033639144 0.0993788819876
0 0.796636085627 0.777950310559 0.0764525993884 0.0652173913043
0 0.880733944954 0.64751552795 0.0305810397554 0.0776397515528
0 0.885321100917 0.493788819876 0.039755351682 0.0683229813665
0 0.784403669725 0.358695652174 0.0948012232416 0.0527950310559
