0 0.22629969419 0.371118012422 0.085626911315 0.0465838509317
0 0.113149847095 0.47049689441 0.0550458715596 0.0714285714286
0 0.0779816513761 0.635093167702 0.039755351682 0.0776397515528
0 0.160550458716 0.799689440994 0.0764525993884 0.0776397515528
0 0.307339449541 0.841614906832 0.0825688073394 0.0372670807453
0 0.495412844037 0.762422360248 0.140672782875 0.127329192547
0 0.715596330275 0.791925465839 0.103975535168 0.0310559006211
0 0.848623853211 0.722049689441 0.045871559633 0.0714285714286
0 0.891437308869 0.571428571429 0.0275229357798 0.0931677018634
0 0.847094801223 0.430124223602 0.0611620795107 0.0590062111801
0 0.727828746177 0.343167701863 0.0917431192661 0.027950310559
