0 0.203363914373 0.392857142857 0.0519877675841 0.027950310559
0 0.113149847095 0.482919254658 0.0366972477064 0.0590062111801
0 0.0871559633028 0.627329192547 0.0275229357798 0.0869565217391
0 0.169724770642 0.768633540373 0.0519877675841 0.0652173913043
0 0.318042813456 0.810559006211 0.0672782874618 0.0310559006211
0 0.495412844037 0.734472049689 0.146788990826 0.0714285714286
0 0.674311926606 0.773291925466 0.0581039755352 0.0372670807453
0 0.822629969419 0.723602484472 0.0611620795107 0.055900621118
0 0.879204892966 0.596273291925 0.0214067278287 0.0807453416149
0 0.850152905199 0.444099378882 0.0305810397554 0.0496894409938
0 0.735474006116 0.343167701863 0.0642201834862 0.027950310559
