0 0.188073394495 0.392857142857 0.0886850152905 0.0465838509317
0 0.0886850152905 0.512422360248 0.0366972477064 0.0807453416149
0 0.0840978593272 0.672360248447 0.045871559633 0.108695652174
0 0.197247706422 0.82298136646 0.113149847095 0.0807453416149
0 0.359327217125 0.810559006211 0.0642201834862 0.055900621118
0 0.490825688073 0.754658385093 0.149847094801 0.0745341614907
0 0.640672782875 0.777950310559 0.0581039755352 0.0465838509317
0 0.80122324159 0.76397515528 0.0733944954128 0.0745341614907
0 0.874617737003 0.625776397516 0.0428134556575 0.0900621118012
0 0.877675840979 0.482919254658 0.0550458715596 0.0714285714286
0 0.784403669725 0.363354037267 0.0764525993884 0.0496894409938
