0 0.201834862385 0.386645962733 0.11620795107 0.0652173913043
0 0.0886850152905 0.506211180124 0.0550458715596 0.0807453416149
0 0.0871559633028 0.667701863354 0.0581039755352 0.0745341614907
0 0.178899082569 0.819875776398 0.107033639144 0.0931677018634
0 0.324159021407 0.830745341615 0.11620795107 0.0527950310559
0 0.489296636086 0.756211180124 0.128440366972 0.083850931677
0 0.665137614679 0.79347826087 0.100917431193 0.0403726708075
0 0.831804281346 0.757763975155 0.0672782874618 0.0745341614907
0 0.889908256881 0.607142857143 0.0305810397554 0.0900621118012
0 0.876146788991 0.459627329193 0.0581039755352 0.055900621118
0 0.75993883792 0.354037267081 0.113149847095 0.0496894409938
