0 0.230886850153 0.372670807453 0.0703363914373 0.0372670807453
0 0.119266055046 0.459627329193 0.0611620795107 0.0621118012422
0 0.0733944954128 0.61801242236 0.0366972477064 0.0869565217391
0 0.146788990826 0.787267080745 0.085626911315 0.083850931677
0 0.292048929664 0.83850931677 0.0519877675841 0.0248447204969
0 0.723241590214 0.79347826087 0.0948012232416 0.0403726708075
0 0.853211009174 0.711180124224 0.0611620795107 0.0807453416149
0 0.892966360856 0.562111801242 0.0428134556575 0.0931677018634
0 0.839449541284 0.414596273292 0.0336391437309 0.0527950310559
0 0.711009174312 0.33850931677 0.0825688073394 0.0310559006211
