0 0.227828746177 0.371118012422 0.0703363914373 0.0403726708075
0 0.113149847095 0.473602484472 0.0489296636086 0.0776397515528
0 0.0749235474006 0.633540372671 0.0336391437309 0.0869565217391
0 0.155963302752 0.79347826087 0.0917431192661 0.0714285714286
0 0.30122324159 0.840062111801 0.0519877675841 0.0465838509317
0 0.724770642202 0.79347826087 0.085626911315 0.027950310559
0 0.848623853211 0.717391304348 0.0581039755352 0.0683229813665
0 0.892966360856 0.562111801242 0.0366972477064 0.0807453416149
0 0.848623853211 0.422360248447 0.045871559633 0.0434782608696
0 0.720183486239 0.33850931677 0.0886850152905 0.0248447204969
0 0.5 0.767080745342 0.149847094801 0.11801242236
