0 0.209480122324 0.386645962733 0.0825688073394 0.0590062111801
0 0.0932721712538 0.495341614907 0.045871559633 0.0714285714286
0 0.0749235474006 0.655279503106 0.0275229357798 0.0993788819876
0 0.180428134557 0.805900621118 0.110091743119 0.0962732919255
0 0.322629969419 0.836956521739 0.0948012232416 0.0527950310559
0 0.5 0.767080745342 0.137614678899 0.0807453416149
0 0.697247706422 0.799689440994 0.0917431192661 0.0403726708075
0 0.836391437309 0.739130434783 0.0642201834862 0.0807453416149
0 0.888379204893 0.597826086957 0.0275229357798 0.0962732919255
0 0.865443425076 0.450310559006 0.0428134556575 0.0683229813665
0 0.749235474006 0.35248447205 0.0917431192661 0.0403726708075
