0 0.17125382263 0.41149068323 0.0672782874618 0.0527950310559
0 0.0825688073394 0.54347826087 0.0428134556575 0.0683229813665
0 0.100917431193 0.708074534161 0.0489296636086 0.0993788819876
0 0.220183486239 0.813664596273 0.0917431192661 0.0496894409938
0 0.371559633028 0.788819875776 0.045871559633 0.0434782608696
0 0.503058103976 0.767080745342 0.125382262997 0.0807453416149
0 0.61620795107 0.759316770186 0.045871559633 0.0403726708075
0 0.795107033639 0.756211180124 0.0795107033639 0.0527950310559
0 0.880733944954 0.636645962733 0.0489296636086 0.0745341614907
0 0.866972477064 0.490683229814 0.045871559633 0.0621118012422
0 0.782874617737 0.372670807453 0.0550458715596 0.055900621118
