0 0.666666666667 0.32298136646 0.0672782874618 0.0372670807453
0 0.80122324159 0.374223602484 0.085626911315 0.0652173913043
0 0.877675840979 0.484472049689 0.0611620795107 0.0869565217391
0 0.876146788991 0.622670807453 0.045871559633 0.10248447205
0 0.766055045872 0.781055900621 0.125382262997 0.0776397515528
0 0.594801223242 0.76397515528 0.0581039755352 0.0683229813665
0 0.487767584098 0.765527950311 0.107033639144 0.0900621118012
0 0.232415902141 0.846273291925 0.11620795107 0.0590062111801
0 0.0993883792049 0.698757763975 0.0764525993884 0.0931677018634
0 0.0825688073394 0.566770186335 0.0489296636086 0.083850931677
0 0.148318042813 0.433229813665 0.0825688073394 0.0714285714286
0 0.266055045872 0.35248447205 0.0733944954128 0.0403726708075
