0 0.709480122324 0.336956521739 0.085626911315 0.0403726708075
0 0.844036697248 0.425465838509 0.0550458715596 0.0621118012422
0 0.889908256881 0.557453416149 0.0366972477064 0.0962732919255
0 0.853211009174 0.714285714286 0.0428134556575 0.0931677018634
0 0.707951070336 0.80900621118 0.0886850152905 0.027950310559
0 0.487767584098 0.760869565217 0.149847094801 0.0683229813665
0 0.311926605505 0.854037267081 0.0978593272171 0.0372670807453
0 0.128440366972 0.771739130435 0.0672782874618 0.10248447205
0 0.0825688073394 0.622670807453 0.0305810397554 0.0962732919255
0 0.105504587156 0.472049689441 0.0642201834862 0.0807453416149
0 0.209480122324 0.371118012422 0.0825688073394 0.0527950310559
