0 0.753822629969 0.347826086957 0.107033639144 0.055900621118
0 0.860856269113 0.445652173913 0.0519877675841 0.0714285714286
0 0.888379204893 0.582298136646 0.0275229357798 0.0962732919255
0 0.821100917431 0.743788819876 0.0825688073394 0.083850931677
0 0.651376146789 0.795031055901 0.0978593272171 0.0807453416149
0 0.363914373089 0.816770186335 0.085626911315 0.0683229813665
0 0.163608562691 0.80900621118 0.0886850152905 0.083850931677
0 0.085626911315 0.66149068323 0.0733944954128 0.111801242236
0 0.0886850152905 0.501552795031 0.0672782874618 0.0900621118012
0 0.178899082569 0.39751552795 0.0703363914373 0.0434782608696
0 0.461773700306 0.354037267081 0.0733944954128 0.0248447204969
