0 0.211009174312 0.386645962733 0.0489296636086 0.0341614906832
0 0.107033639144 0.487577639752 0.0305810397554 0.0496894409938
0 0.0795107033639 0.649068322981 0.0305810397554 0.0683229813665
0 0.172782874618 0.784161490683 0.0581039755352 0.0590062111801
0 0.32874617737 0.799689440994 0.039755351682 0.0403726708075
0 0.493883792049 0.725155279503 0.155963302752 0.0962732919255
0 0.663608562691 0.774844720497 0.0672782874618 0.0465838509317
0 0.813455657492 0.726708074534 0.0428134556575 0.0621118012422
0 0.879204892966 0.60248447205 0.0275229357798 0.0807453416149
0 0.851681957187 0.45652173913 0.039755351682 0.055900621118
0 0.747706422018 0.360248447205 0.0519877675841 0.0496894409938
