0 0.165137614679 0.422360248447 0.0795107033639 0.0621118012422
0 0.0779816513761 0.54347826087 0.0275229357798 0.0931677018634
0 0.10244648318 0.715838509317 0.0519877675841 0.0900621118012
0 0.227828746177 0.821428571429 0.0825688073394 0.0341614906832
0 0.380733944954 0.776397515528 0.0642201834862 0.0621118012422
0 0.493883792049 0.762422360248 0.113149847095 0.083850931677
0 0.619266055046 0.757763975155 0.0642201834862 0.055900621118
0 0.7874617737 0.757763975155 0.0519877675841 0.0434782608696
0 0.871559633028 0.652173913043 0.0305810397554 0.0807453416149
0 0.877675840979 0.5 0.0428134556575 0.0683229813665
0 0.802752293578 0.385093167702 0.0581039755352 0.0434782608696
