0 0.215596330275 0.385093167702 0.0519877675841 0.0310559006211
0 0.123853211009 0.468944099379 0.0519877675841 0.0621118012422
0 0.0825688073394 0.621118012422 0.0428134556575 0.0807453416149
0 0.169724770642 0.762422360248 0.0886850152905 0.0714285714286
0 0.310397553517 0.801242236025 0.0825688073394 0.0496894409938
0 0.39755351682 0.746894409938 0.0428134556575 0.0590062111801
0 0.496941896024 0.740683229814 0.125382262997 0.083850931677
0 0.593272171254 0.723602484472 0.0428134556575 0.0496894409938
0 0.683486238532 0.771739130435 0.0825688073394 0.0465838509317
0 0.824159021407 0.714285714286 0.0581039755352 0.0621118012422
0 0.882262996942 0.576086956522 0.039755351682 0.083850931677
0 0.830275229358 0.433229813665 0.045871559633 0.0652173913043
