0 0.724770642202 0.341614906832 0.0917431192661 0.055900621118
0 0.862385321101 0.439440993789 0.0672782874618 0.083850931677
0 0.885321100917 0.576086956522 0.039755351682 0.0900621118012
0 0.82874617737 0.737577639752 0.0795107033639 0.0962732919255
0 0.67125382263 0.801242236025 0.0825688073394 0.0496894409938
0 0.509174311927 0.781055900621 0.180428134557 0.114906832298
0 0.340978593272 0.824534161491 0.0886850152905 0.0714285714286
0 0.172782874618 0.810559006211 0.107033639144 0.0993788819876
0 0.0871559633028 0.644409937888 0.0581039755352 0.108695652174
0 0.0948012232416 0.5 0.0733944954128 0.0869565217391
0 0.192660550459 0.388198757764 0.0795107033639 0.0683229813665
