0 0.749235474006 0.350931677019 0.103975535168 0.0621118012422
0 0.859327217125 0.44099378882 0.0489296636086 0.0683229813665
0 0.882262996942 0.577639751553 0.0214067278287 0.111801242236
0 0.818042813456 0.751552795031 0.0764525993884 0.0807453416149
0 0.649847094801 0.791925465839 0.119266055046 0.0496894409938
0 0.38379204893 0.784161490683 0.125382262997 0.127329192547
0 0.18501529052 0.824534161491 0.0886850152905 0.083850931677
0 0.0871559633028 0.670807453416 0.0581039755352 0.124223602484
0 0.0948012232416 0.515527950311 0.0611620795107 0.0807453416149
0 0.169724770642 0.394409937888 0.0703363914373 0.055900621118
0 0.452599388379 0.349378881988 0.0489296636086 0.0341614906832
