0 0.711009174312 0.336956521739 0.0886850152905 0.0403726708075
0 0.837920489297 0.41149068323 0.0489296636086 0.0527950310559
0 0.886850152905 0.534161490683 0.0366972477064 0.0993788819876
0 0.853211009174 0.692546583851 0.0611620795107 0.111801242236
0 0.677370030581 0.80900621118 0.149847094801 0.0590062111801
0 0.487767584098 0.79347826087 0.204892966361 0.0900621118012
0 0.31498470948 0.844720496894 0.103975535168 0.0621118012422
0 0.128440366972 0.762422360248 0.0672782874618 0.10248447205
0 0.0810397553517 0.596273291925 0.039755351682 0.0869565217391
0 0.111620795107 0.468944099379 0.0703363914373 0.0807453416149
0 0.218654434251 0.374223602484 0.0764525993884 0.0465838509317
