0 0.724770642202 0.335403726708 0.0917431192661 0.0434782608696
0 0.84250764526 0.406832298137 0.0886850152905 0.055900621118
0 0.882262996942 0.546583850932 0.0275229357798 0.0807453416149
0 0.848623853211 0.698757763975 0.0642201834862 0.111801242236
0 0.68501529052 0.810559006211 0.11620795107 0.0621118012422
0 0.493883792049 0.791925465839 0.180428134557 0.105590062112
0 0.331804281346 0.83850931677 0.0825688073394 0.0745341614907
0 0.12996941896 0.767080745342 0.0825688073394 0.124223602484
0 0.0764525993884 0.610248447205 0.0366972477064 0.114906832298
0 0.108562691131 0.479813664596 0.0519877675841 0.0714285714286
0 0.215596330275 0.371118012422 0.0948012232416 0.0527950310559
0 0.451070336391 0.33850931677 0.0703363914373 0.0434782608696
