0 0.214067278287 0.386645962733 0.0366972477064 0.0403726708075
0 0.100917431193 0.495341614907 0.0366972477064 0.0527950310559
0 0.085626911315 0.655279503106 0.0428134556575 0.0745341614907
0 0.183486238532 0.787267080745 0.085626911315 0.0714285714286
0 0.333333333333 0.798136645963 0.0489296636086 0.0621118012422
0 0.504587155963 0.73602484472 0.152905198777 0.0869565217391
0 0.654434250765 0.768633540373 0.0550458715596 0.0403726708075
0 0.813455657492 0.726708074534 0.0611620795107 0.0621118012422
0 0.879204892966 0.608695652174 0.0336391437309 0.0683229813665
0 0.850152905199 0.458074534161 0.0428134556575 0.0714285714286
0 0.747706422018 0.360248447205 0.0703363914373 0.0434782608696
