0 0.74006116208 0.340062111801 0.085626911315 0.0465838509317
0 0.845565749235 0.419254658385 0.0519877675841 0.055900621118
0 0.886850152905 0.54347826087 0.0244648318043 0.0869565217391
0 0.84250764526 0.70652173913 0.0703363914373 0.127329192547
0 0.659021406728 0.802795031056 0.113149847095 0.0465838509317
0 0.492354740061 0.776397515528 0.159021406728 0.0869565217391
0 0.357798165138 0.826086956522 0.0917431192661 0.0621118012422
0 0.142201834862 0.784161490683 0.0703363914373 0.114906832298
0 0.0779816513761 0.61801242236 0.0336391437309 0.0745341614907
0 0.0902140672783 0.493788819876 0.0519877675841 0.0621118012422
0 0.19877675841 0.383540372671 0.0978593272171 0.0527950310559
0 0.455657492355 0.33850931677 0.0489296636086 0.0372670807453
