0 0.15749235474 0.419254658385 0.0825688073394 0.055900621118
0 0.0764525993884 0.563664596273 0.0428134556575 0.0776397515528
0 0.107033639144 0.723602484472 0.0733944954128 0.0931677018634
0 0.233944954128 0.824534161491 0.0825688073394 0.0341614906832
0 0.389908256881 0.767080745342 0.0642201834862 0.0683229813665
0 0.495412844037 0.75 0.11620795107 0.0900621118012
0 0.607033639144 0.745341614907 0.0519877675841 0.055900621118
0 0.775229357798 0.767080745342 0.0825688073394 0.0496894409938
0 0.871559633028 0.655279503106 0.0550458715596 0.0869565217391
0 0.882262996942 0.517080745342 0.0336391437309 0.0776397515528
0 0.799694189602 0.383540372671 0.0703363914373 0.0465838509317
0 0.686544342508 0.332298136646 0.0336391437309 0.0248447204969
