0 0.169724770642 0.403726708075 0.0764525993884 0.0372670807453
0 0.0779816513761 0.540372670807 0.0336391437309 0.0745341614907
0 0.0948012232416 0.708074534161 0.0428134556575 0.0869565217391
0 0.227828746177 0.843167701863 0.113149847095 0.0652173913043
0 0.389908256881 0.767080745342 0.0764525993884 0.0683229813665
0 0.504587155963 0.801242236025 0.0428134556575 0.0434782608696
0 0.610091743119 0.765527950311 0.0703363914373 0.0714285714286
0 0.7874617737 0.777950310559 0.0948012232416 0.0714285714286
0 0.873088685015 0.642857142857 0.0275229357798 0.0993788819876
0 0.876146788991 0.490683229814 0.045871559633 0.0869565217391
0 0.798165137615 0.371118012422 0.0733944954128 0.0652173913043
