0 0.688073394495 0.329192546584 0.0795107033639 0.0372670807453
0 0.840978593272 0.413043478261 0.0550458715596 0.0621118012422
0 0.885321100917 0.534161490683 0.0214067278287 0.0683229813665
0 0.857798165138 0.686335403727 0.0642201834862 0.0807453416149
0 0.735474006116 0.79347826087 0.0886850152905 0.0341614906832
0 0.498470948012 0.768633540373 0.140672782875 0.083850931677
0 0.290519877676 0.85248447205 0.0917431192661 0.027950310559
0 0.113149847095 0.751552795031 0.0550458715596 0.0931677018634
0 0.0764525993884 0.604037267081 0.0305810397554 0.0714285714286
0 0.111620795107 0.464285714286 0.0581039755352 0.0652173913043
0 0.230886850153 0.372670807453 0.0825688073394 0.0372670807453
