0 0.155963302752 0.409937888199 0.0611620795107 0.0434782608696
0 0.0795107033639 0.552795031056 0.0428134556575 0.0869565217391
0 0.107033639144 0.73602484472 0.0550458715596 0.111801242236
0 0.25993883792 0.854037267081 0.110091743119 0.0496894409938
0 0.412844036697 0.746894409938 0.0550458715596 0.0962732919255
0 0.584097859327 0.746894409938 0.085626911315 0.0962732919255
0 0.762996941896 0.784161490683 0.0886850152905 0.0590062111801
0 0.879204892966 0.639751552795 0.0336391437309 0.0931677018634
0 0.876146788991 0.501552795031 0.039755351682 0.0652173913043
0 0.807339449541 0.378881987578 0.0672782874618 0.055900621118
0 0.496941896024 0.791925465839 0.045871559633 0.0496894409938
