0 0.148318042813 0.437888198758 0.0581039755352 0.0621118012422
0 0.0718654434251 0.571428571429 0.045871559633 0.0807453416149
0 0.117737003058 0.737577639752 0.0581039755352 0.0962732919255
0 0.253822629969 0.826086956522 0.0917431192661 0.0434782608696
0 0.400611620795 0.740683229814 0.0795107033639 0.0900621118012
0 0.495412844037 0.731366459627 0.0978593272171 0.10248447205
0 0.587155963303 0.722049689441 0.0489296636086 0.10248447205
0 0.75993883792 0.773291925466 0.0764525993884 0.0372670807453
0 0.865443425076 0.670807453416 0.0489296636086 0.0993788819876
0 0.886850152905 0.532608695652 0.0366972477064 0.083850931677
0 0.81498470948 0.395962732919 0.0642201834862 0.0403726708075
0 0.686544342508 0.336956521739 0.039755351682 0.0217391304348
