0 0.691131498471 0.329192546584 0.0978593272171 0.0372670807453
0 0.837920489297 0.420807453416 0.0550458715596 0.083850931677
0 0.88379204893 0.535714285714 0.0366972477064 0.083850931677
0 0.854740061162 0.700310559006 0.0519877675841 0.0962732919255
0 0.72629969419 0.795031055901 0.0703363914373 0.0372670807453
0 0.490825688073 0.760869565217 0.131498470948 0.0807453416149
0 0.298165137615 0.850931677019 0.100917431193 0.0434782608696
0 0.125382262997 0.760869565217 0.0733944954128 0.0869565217391
0 0.0733944954128 0.605590062112 0.0244648318043 0.111801242236
0 0.105504587156 0.459627329193 0.0703363914373 0.0807453416149
0 0.223241590214 0.371118012422 0.085626911315 0.0341614906832
