0 0.703363914373 0.333850931677 0.0672782874618 0.0465838509317
0 0.845565749235 0.42701863354 0.0703363914373 0.0962732919255
0 0.882262996942 0.551242236025 0.0336391437309 0.0900621118012
0 0.853211009174 0.70652173913 0.0550458715596 0.0962732919255
0 0.714067278287 0.796583850932 0.0764525993884 0.0527950310559
0 0.496941896024 0.776397515528 0.162079510703 0.0621118012422
0 0.296636085627 0.850931677019 0.0978593272171 0.0372670807453
0 0.120795107034 0.767080745342 0.0886850152905 0.111801242236
0 0.0902140672783 0.608695652174 0.0642201834862 0.0993788819876
0 0.107033639144 0.468944099379 0.0795107033639 0.0745341614907
0 0.229357798165 0.372670807453 0.085626911315 0.055900621118
