0 0.678899082569 0.32298136646 0.11620795107 0.0310559006211
0 0.821100917431 0.386645962733 0.0642201834862 0.0652173913043
0 0.877675840979 0.503105590062 0.0428134556575 0.0869565217391
0 0.87003058104 0.645962732919 0.039755351682 0.0869565217391
0 0.749235474006 0.801242236025 0.0978593272171 0.0496894409938
0 0.487767584098 0.785714285714 0.119266055046 0.0931677018634
0 0.237003058104 0.849378881988 0.107033639144 0.0590062111801
0 0.0993883792049 0.712732919255 0.0336391437309 0.083850931677
0 0.0703363914373 0.566770186335 0.0366972477064 0.0714285714286
0 0.120795107034 0.433229813665 0.0519877675841 0.0652173913043
