0 0.139143730887 0.422360248447 0.0581039755352 0.0434782608696
0 0.0749235474006 0.565217391304 0.0275229357798 0.0807453416149
0 0.110091743119 0.73602484472 0.0428134556575 0.0869565217391
0 0.252293577982 0.844720496894 0.0825688073394 0.0434782608696
0 0.490825688073 0.787267080745 0.0336391437309 0.0527950310559
0 0.411314984709 0.743788819876 0.039755351682 0.0776397515528
0 0.579510703364 0.743788819876 0.0764525993884 0.083850931677
0 0.772171253823 0.790372670807 0.0825688073394 0.0465838509317
0 0.868501529052 0.669254658385 0.0611620795107 0.114906832298
0 0.891437308869 0.509316770186 0.0336391437309 0.0869565217391
0 0.81498470948 0.374223602484 0.0581039755352 0.0652173913043
