0 0.27370030581 0.364906832298 0.0825688073394 0.0403726708075
0 0.136085626911 0.439440993789 0.0642201834862 0.0527950310559
0 0.0764525993884 0.591614906832 0.0489296636086 0.0962732919255
0 0.123853211009 0.753105590062 0.0703363914373 0.0962732919255
0 0.275229357798 0.83850931677 0.122324159021 0.0372670807453
0 0.490825688073 0.723602484472 0.0886850152905 0.0807453416149
0 0.417431192661 0.725155279503 0.045871559633 0.0900621118012
0 0.574923547401 0.718944099379 0.0305810397554 0.0776397515528
0 0.744648318043 0.788819875776 0.0825688073394 0.0310559006211
0 0.865443425076 0.692546583851 0.0550458715596 0.0745341614907
0 0.892966360856 0.537267080745 0.0366972477064 0.0869565217391
0 0.830275229358 0.405279503106 0.045871559633 0.0527950310559
