0 0.209480122324 0.38198757764 0.0519877675841 0.0434782608696
0 0.10244648318 0.503105590062 0.045871559633 0.0621118012422
0 0.0886850152905 0.656832298137 0.0489296636086 0.10248447205
0 0.192660550459 0.788819875776 0.103975535168 0.0745341614907
0 0.34250764526 0.799689440994 0.0611620795107 0.0527950310559
0 0.493883792049 0.745341614907 0.155963302752 0.0993788819876
0 0.649847094801 0.768633540373 0.0642201834862 0.0403726708075
0 0.811926605505 0.734472049689 0.0642201834862 0.0652173913043
0 0.880733944954 0.607142857143 0.0305810397554 0.0776397515528
0 0.845565749235 0.450310559006 0.0519877675841 0.0621118012422
0 0.758409785933 0.361801242236 0.0550458715596 0.0465838509317
