0 0.224770642202 0.378881987578 0.0825688073394 0.0496894409938
0 0.10244648318 0.48602484472 0.0581039755352 0.0652173913043
0 0.0749235474006 0.655279503106 0.0214067278287 0.0745341614907
0 0.166666666667 0.807453416149 0.0948012232416 0.0807453416149
0 0.310397553517 0.836956521739 0.0886850152905 0.0341614906832
0 0.496941896024 0.771739130435 0.131498470948 0.0962732919255
0 0.709480122324 0.79347826087 0.0917431192661 0.027950310559
0 0.839449541284 0.732919254658 0.0519877675841 0.0621118012422
0 0.886850152905 0.582298136646 0.0183486238532 0.0900621118012
0 0.851681957187 0.431677018634 0.045871559633 0.0745341614907
0 0.74006116208 0.347826086957 0.0978593272171 0.0372670807453
