0 0.730886850153 0.340062111801 0.0917431192661 0.0527950310559
0 0.85626911315 0.44099378882 0.0550458715596 0.0869565217391
0 0.88379204893 0.563664596273 0.0244648318043 0.108695652174
0 0.840978593272 0.725155279503 0.0733944954128 0.0962732919255
0 0.701834862385 0.80900621118 0.0948012232416 0.027950310559
0 0.495412844037 0.788819875776 0.177370030581 0.111801242236
0 0.313455657492 0.841614906832 0.0948012232416 0.0621118012422
0 0.139143730887 0.785714285714 0.0642201834862 0.0931677018634
0 0.0825688073394 0.621118012422 0.0366972477064 0.0745341614907
0 0.100917431193 0.478260869565 0.0550458715596 0.0745341614907
0 0.217125382263 0.377329192547 0.11620795107 0.0652173913043
