0 0.215596330275 0.386645962733 0.0519877675841 0.0341614906832
0 0.114678899083 0.476708074534 0.0336391437309 0.0527950310559
0 0.085626911315 0.630434782609 0.0244648318043 0.0807453416149
0 0.177370030581 0.770186335404 0.0795107033639 0.0745341614907
0 0.324159021407 0.805900621118 0.0672782874618 0.0465838509317
0 0.396024464832 0.751552795031 0.0581039755352 0.0434782608696
0 0.507645259939 0.745341614907 0.146788990826 0.0683229813665
0 0.677370030581 0.767080745342 0.0581039755352 0.0496894409938
0 0.821100917431 0.717391304348 0.0519877675841 0.0621118012422
0 0.879204892966 0.574534161491 0.039755351682 0.0931677018634
0 0.834862385321 0.439440993789 0.0489296636086 0.0714285714286
0 0.730886850153 0.346273291925 0.0489296636086 0.0341614906832
