0 0.195718654434 0.39751552795 0.0672782874618 0.055900621118
0 0.0963302752294 0.509316770186 0.045871559633 0.0621118012422
0 0.0886850152905 0.670807453416 0.0489296636086 0.0745341614907
0 0.203363914373 0.798136645963 0.0886850152905 0.055900621118
0 0.348623853211 0.798136645963 0.0917431192661 0.0496894409938
0 0.504587155963 0.76397515528 0.17125382263 0.11801242236
0 0.645259938838 0.76397515528 0.0550458715596 0.0496894409938
0 0.807339449541 0.737577639752 0.0795107033639 0.0527950310559
0 0.885321100917 0.614906832298 0.039755351682 0.0931677018634
0 0.862385321101 0.472049689441 0.0366972477064 0.0683229813665
0 0.752293577982 0.358695652174 0.0917431192661 0.0590062111801
