0 0.827217125382 0.395962732919 0.0642201834862 0.0590062111801
0 0.879204892966 0.515527950311 0.039755351682 0.0745341614907
0 0.868501529052 0.678571428571 0.0366972477064 0.0776397515528
0 0.746177370031 0.791925465839 0.0978593272171 0.0434782608696
0 0.272171253823 0.857142857143 0.0978593272171 0.0310559006211
0 0.11620795107 0.754658385093 0.0550458715596 0.0993788819876
0 0.0749235474006 0.594720496894 0.0336391437309 0.0776397515528
0 0.125382262997 0.448757763975 0.0672782874618 0.0590062111801
0 0.24006116208 0.366459627329 0.045871559633 0.0310559006211
0 0.678899082569 0.327639751553 0.0978593272171 0.0465838509317
0 0.490825688073 0.760869565217 0.137614678899 0.0993788819876
