0 0.700305810398 0.332298136646 0.0917431192661 0.0372670807453
0 0.831804281346 0.41149068323 0.0672782874618 0.0652173913043
0 0.88379204893 0.540372670807 0.0305810397554 0.0869565217391
0 0.862385321101 0.686335403727 0.0489296636086 0.0807453416149
0 0.730886850153 0.798136645963 0.0978593272171 0.0434782608696
0 0.48623853211 0.767080745342 0.110091743119 0.0745341614907
0 0.275229357798 0.857142857143 0.0917431192661 0.0496894409938
0 0.123853211009 0.762422360248 0.0519877675841 0.0900621118012
0 0.0825688073394 0.594720496894 0.0305810397554 0.0590062111801
0 0.113149847095 0.45652173913 0.0550458715596 0.0434782608696
0 0.229357798165 0.371118012422 0.0795107033639 0.0403726708075
