0 0.120795107034 0.476708074534 0.039755351682 0.0590062111801
0 0.0871559633028 0.61801242236 0.0275229357798 0.0807453416149
0 0.160550458716 0.759316770186 0.0519877675841 0.0590062111801
0 0.305810397554 0.810559006211 0.085626911315 0.0434782608696
0 0.394495412844 0.751552795031 0.0428134556575 0.0496894409938
0 0.495412844037 0.753105590062 0.134556574924 0.10248447205
0 0.594801223242 0.731366459627 0.0336391437309 0.0527950310559
0 0.692660550459 0.768633540373 0.0825688073394 0.0403726708075
0 0.827217125382 0.704968944099 0.0581039755352 0.0621118012422
0 0.880733944954 0.566770186335 0.0244648318043 0.0900621118012
0 0.82874617737 0.434782608696 0.0366972477064 0.055900621118
0 0.735474006116 0.35248447205 0.045871559633 0.0217391304348
