0 0.204892966361 0.389751552795 0.085626911315 0.0590062111801
0 0.0963302752294 0.5 0.0703363914373 0.0745341614907
0 0.0810397553517 0.659937888199 0.0581039755352 0.0962732919255
0 0.181957186544 0.813664596273 0.125382262997 0.0931677018634
0 0.325688073394 0.829192546584 0.0886850152905 0.0496894409938
0 0.498470948012 0.759316770186 0.140672782875 0.0776397515528
0 0.678899082569 0.795031055901 0.103975535168 0.0372670807453
0 0.831804281346 0.743788819876 0.0550458715596 0.0714285714286
0 0.888379204893 0.600931677019 0.0214067278287 0.114906832298
0 0.863914373089 0.451863354037 0.0336391437309 0.0776397515528
0 0.761467889908 0.347826086957 0.0917431192661 0.055900621118
