0 0.718654434251 0.330745341615 0.0917431192661 0.0403726708075
0 0.836391437309 0.400621118012 0.0581039755352 0.0621118012422
0 0.888379204893 0.531055900621 0.039755351682 0.105590062112
0 0.862385321101 0.684782608696 0.0489296636086 0.114906832298
0 0.688073394495 0.819875776398 0.110091743119 0.055900621118
0 0.495412844037 0.791925465839 0.17125382263 0.0683229813665
0 0.296636085627 0.85248447205 0.0795107033639 0.0590062111801
0 0.117737003058 0.757763975155 0.0519877675841 0.124223602484
0 0.0779816513761 0.596273291925 0.0275229357798 0.105590062112
0 0.119266055046 0.468944099379 0.0489296636086 0.0683229813665
0 0.227828746177 0.369565217391 0.107033639144 0.0496894409938
