0 0.689602446483 0.327639751553 0.0948012232416 0.0403726708075
0 0.833333333333 0.402173913043 0.0581039755352 0.0714285714286
0 0.886850152905 0.521739130435 0.0366972477064 0.0807453416149
0 0.87003058104 0.669254658385 0.039755351682 0.108695652174
0 0.720183486239 0.812111801242 0.100917431193 0.0465838509317
0 0.492354740061 0.790372670807 0.140672782875 0.108695652174
0 0.261467889908 0.861801242236 0.119266055046 0.0403726708075
0 0.111620795107 0.732919254658 0.0642201834862 0.0993788819876
0 0.0779816513761 0.583850931677 0.0519877675841 0.0869565217391
0 0.117737003058 0.454968944099 0.0519877675841 0.0714285714286
0 0.241590214067 0.361801242236 0.110091743119 0.0341614906832
