0 0.678899082569 0.32298136646 0.085626911315 0.0372670807453
0 0.807339449541 0.372670807453 0.0795107033639 0.0621118012422
0 0.871559633028 0.498447204969 0.0489296636086 0.0776397515528
0 0.876146788991 0.630434782609 0.0275229357798 0.0931677018634
0 0.761467889908 0.790372670807 0.11620795107 0.0776397515528
0 0.484709480122 0.768633540373 0.119266055046 0.0962732919255
0 0.233944954128 0.847826086957 0.119266055046 0.0683229813665
0 0.0932721712538 0.709627329193 0.0581039755352 0.10248447205
0 0.0764525993884 0.566770186335 0.0366972477064 0.083850931677
0 0.137614678899 0.433229813665 0.0672782874618 0.0652173913043
0 0.258409785933 0.35248447205 0.0703363914373 0.027950310559
