0 0.258409785933 0.364906832298 0.0336391437309 0.027950310559
0 0.126911314985 0.464285714286 0.045871559633 0.0527950310559
0 0.0902140672783 0.604037267081 0.039755351682 0.0900621118012
0 0.163608562691 0.753105590062 0.0703363914373 0.0776397515528
0 0.302752293578 0.807453416149 0.085626911315 0.0372670807453
0 0.391437308869 0.75 0.0428134556575 0.027950310559
0 0.495412844037 0.76397515528 0.11620795107 0.111801242236
0 0.594801223242 0.731366459627 0.039755351682 0.0403726708075
0 0.700305810398 0.765527950311 0.0978593272171 0.0403726708075
0 0.836391437309 0.695652173913 0.0519877675841 0.0621118012422
0 0.882262996942 0.554347826087 0.0214067278287 0.0776397515528
0 0.819571865443 0.422360248447 0.0428134556575 0.055900621118
0 0.727828746177 0.346273291925 0.0611620795107 0.0341614906832
