0 0.7874617737 0.360248447205 0.0703363914373 0.0621118012422
0 0.859327217125 0.465838509317 0.0550458715596 0.0807453416149
0 0.880733944954 0.60248447205 0.0183486238532 0.105590062112
0 0.804281345566 0.768633540373 0.103975535168 0.083850931677
0 0.607033639144 0.760869565217 0.113149847095 0.0869565217391
0 0.490825688073 0.771739130435 0.0764525993884 0.10248447205
0 0.408256880734 0.767080745342 0.0642201834862 0.130434782609
0 0.220183486239 0.83850931677 0.11620795107 0.0621118012422
0 0.110091743119 0.686335403727 0.0672782874618 0.11801242236
0 0.0840978593272 0.538819875776 0.039755351682 0.0962732919255
0 0.152905198777 0.414596273292 0.0489296636086 0.0590062111801
0 0.452599388379 0.360248447205 0.0489296636086 0.0434782608696
