0 0.201834862385 0.389751552795 0.0611620795107 0.0465838509317
0 0.100917431193 0.509316770186 0.0489296636086 0.0745341614907
0 0.085626911315 0.663043478261 0.0428134556575 0.0776397515528
0 0.186544342508 0.79347826087 0.0795107033639 0.0652173913043
0 0.345565749235 0.805900621118 0.0489296636086 0.0527950310559
0 0.506116207951 0.756211180124 0.174311926606 0.083850931677
0 0.645259938838 0.768633540373 0.0489296636086 0.0590062111801
0 0.807339449541 0.734472049689 0.0733944954128 0.0590062111801
0 0.879204892966 0.622670807453 0.0336391437309 0.0962732919255
0 0.857798165138 0.473602484472 0.045871559633 0.0776397515528
0 0.755351681957 0.358695652174 0.0733944954128 0.0527950310559
