0 0.724770642202 0.340062111801 0.0917431192661 0.0403726708075
0 0.839449541284 0.408385093168 0.0581039755352 0.0714285714286
0 0.885321100917 0.538819875776 0.0336391437309 0.083850931677
0 0.853211009174 0.701863354037 0.0672782874618 0.111801242236
0 0.660550458716 0.799689440994 0.128440366972 0.0590062111801
0 0.48623853211 0.773291925466 0.17125382263 0.111801242236
0 0.337920489297 0.829192546584 0.0886850152905 0.0683229813665
0 0.128440366972 0.776397515528 0.0611620795107 0.0931677018634
0 0.0810397553517 0.613354037267 0.0336391437309 0.0652173913043
0 0.111620795107 0.482919254658 0.0764525993884 0.0714285714286
0 0.206422018349 0.389751552795 0.0948012232416 0.0527950310559
0 0.446483180428 0.33850931677 0.0795107033639 0.0496894409938
