0 0.792048929664 0.364906832298 0.0672782874618 0.0590062111801
0 0.879204892966 0.487577639752 0.045871559633 0.0807453416149
0 0.876146788991 0.619565217391 0.0214067278287 0.0962732919255
0 0.778287461774 0.79347826087 0.107033639144 0.0776397515528
0 0.581039755352 0.767080745342 0.0550458715596 0.0621118012422
0 0.402140672783 0.773291925466 0.0519877675841 0.0745341614907
0 0.22629969419 0.849378881988 0.103975535168 0.0714285714286
0 0.105504587156 0.708074534161 0.0519877675841 0.105590062112
0 0.0779816513761 0.538819875776 0.039755351682 0.0962732919255
0 0.139143730887 0.430124223602 0.0519877675841 0.0652173913043
0 0.264525993884 0.357142857143 0.045871559633 0.0434782608696
0 0.460244648318 0.343167701863 0.0642201834862 0.027950310559
0 0.493883792049 0.765527950311 0.119266055046 0.10248447205
