0 0.746177370031 0.340062111801 0.110091743119 0.0465838509317
0 0.859327217125 0.447204968944 0.0550458715596 0.0745341614907
0 0.891437308869 0.582298136646 0.0336391437309 0.083850931677
0 0.827217125382 0.739130434783 0.0886850152905 0.0931677018634
0 0.659021406728 0.798136645963 0.0886850152905 0.055900621118
0 0.357798165138 0.813664596273 0.0795107033639 0.0807453416149
0 0.17125382263 0.812111801242 0.0917431192661 0.0962732919255
0 0.0825688073394 0.649068322981 0.0550458715596 0.111801242236
0 0.0871559633028 0.504658385093 0.0519877675841 0.0714285714286
0 0.181957186544 0.395962732919 0.0886850152905 0.0590062111801
